Matrix:

 0.00 0.00 1.79 0.00 1.79 0.00 1.79 0.00 0.00 0.00 0.00 0.00 0.00 0.00 0.00 0.00 0.00 0.00 0.00 0.00 0.00
 0.00 0.00 2.20 0.00 0.00 0.00 0.00 0.00 0.00 0.00 0.00 0.00 0.00 0.00 0.00 0.00 2.20 0.00 0.00 0.00 2.20
 0.00 0.00 0.00 0.00 0.00 0.00 0.00 0.00 0.00 0.00 2.20 2.20 0.00 0.00 0.00 0.00 0.00 0.00 0.00 0.00 0.00
 0.00 0.69 0.00 0.69 0.00 0.00 0.00 0.69 0.00 0.69 0.69 0.69 0.69 0.69 0.69 0.00 0.00 0.00 0.00 0.00 0.00
 0.49 0.49 0.00 0.49 0.00 0.00 0.00 0.49 0.00 0.49 0.49 0.49 0.49 0.49 0.49 0.00 0.00 0.49 0.49 0.00 0.49
 0.00 0.00 2.20 0.00 0.00 0.00 2.20 0.00 0.00 0.00 0.00 0.00 0.00 0.00 0.00 0.00 0.00 0.00 0.00 0.00 0.00
 0.00 0.00 0.00 0.00 0.00 0.00 0.00 0.00 0.00 0.00 0.00 0.00 0.00 0.00 0.00 2.20 2.20 0.00 0.00 0.00 0.00
 0.00 0.00 0.00 0.00 2.20 2.20 0.00 0.00 0.00 0.00 0.00 0.00 0.00 0.00 0.00 0.00 0.00 0.00 0.00 0.00 0.00
 0.00 0.00 0.00 0.00 0.00 0.00 0.00 2.20 0.00 0.00 0.00 0.00 0.00 2.20 0.00 0.00 0.00 0.00 0.00 0.00 0.00
 0.00 0.00 0.00 0.00 0.00 0.00 0.00 0.00 2.20 0.00 0.00 0.00 2.20 0.00 0.00 0.00 0.00 0.00 0.00 0.00 0.00
 0.00 0.00 0.00 0.00 0.00 0.00 0.00 1.79 0.00 1.79 0.00 0.00 0.00 0.00 0.00 0.00 0.00 1.79 0.00 0.00 0.00
 0.00 0.00 0.00 0.00 0.00 0.00 0.00 0.00 0.00 0.00 2.20 2.20 0.00 0.00 0.00 0.00 0.00 0.00 0.00 0.00 0.00
 0.00 0.00 0.00 2.20 0.00 0.00 0.00 0.00 0.00 0.00 0.00 0.00 2.20 0.00 0.00 0.00 0.00 0.00 0.00 0.00 0.00
 0.00 0.00 0.00 0.00 0.00 1.79 1.79 0.00 0.00 0.00 0.00 0.00 0.00 0.00 0.00 1.79 0.00 0.00 0.00 0.00 0.00
 0.00 0.00 0.00 0.00 0.00 1.79 0.00 1.79 1.79 0.00 0.00 0.00 0.00 0.00 0.00 0.00 0.00 0.00 0.00 0.00 0.00
 0.00 0.00 1.50 0.00 0.00 0.00 0.00 0.00 0.00 0.00 1.50 1.50 0.00 0.00 0.00 0.00 1.50 0.00 1.50 1.50 0.00
 0.00 0.00 1.44 0.00 0.00 0.00 0.00 0.00 0.00 0.00 1.44 1.44 0.00 0.00 0.00 0.00 1.44 0.00 0.00 0.00 1.44
 0.00 0.00 1.79 0.00 1.79 0.00 1.79 0.00 0.00 0.00 0.00 0.00 0.00 0.00 0.00 0.00 0.00 0.00 0.00 0.00 0.00
 0.00 0.00 2.20 0.00 0.00 0.00 0.00 0.00 0.00 0.00 0.00 0.00 0.00 0.00 0.00 0.00 2.20 0.00 0.00 0.00 2.20
 0.00 0.00 0.00 0.00 0.00 0.00 0.00 0.00 0.00 0.00 2.20 2.20 0.00 0.00 0.00 0.00 0.00 0.00 0.00 0.00 0.00
 0.00 0.69 0.00 0.69 0.00 0.00 0.00 0.69 0.00 0.69 0.69 0.69 0.69 0.69 0.69 0.00 0.00 0.00 0.00 0.00 0.00
 0.49 0.49 0.00 0.49 0.00 0.00 0.00 0.49 0.00 0.49 0.49 0.49 0.49 0.49 0.49 0.00 0.00 0.49 0.49 0.00 0.49
 0.00 0.00 2.20 0.00 0.00 0.00 2.20 0.00 0.00 0.00 0.00 0.00 0.00 0.00 0.00 0.00 0.00 0.00 0.00 0.00 0.00
 0.00 0.00 0.00 0.00 0.00 0.00 0.00 0.00 0.00 0.00 0.00 0.00 0.00 0.00 0.00 2.20 2.20 0.00 0.00 0.00 0.00
 0.00 0.00 0.00 0.00 2.20 2.20 0.00 0.00 0.00 0.00 0.00 0.00 0.00 0.00 0.00 0.00 0.00 0.00 0.00 0.00 0.00
 0.00 0.00 0.00 0.00 0.00 0.00 0.00 2.20 0.00 0.00 0.00 0.00 0.00 2.20 0.00 0.00 0.00 0.00 0.00 0.00 0.00
 0.00 0.00 0.00 0.00 0.00 0.00 0.00 0.00 2.20 0.00 0.00 0.00 2.20 0.00 0.00 0.00 0.00 0.00 0.00 0.00 0.00
 0.00 0.00 0.00 0.00 0.00 0.00 0.00 1.79 0.00 1.79 0.00 0.00 0.00 0.00 0.00 0.00 0.00 1.79 0.00 0.00 0.00
 0.00 0.00 0.00 0.00 0.00 0.00 0.00 0.00 0.00 0.00 2.20 2.20 0.00 0.00 0.00 0.00 0.00 0.00 0.00 0.00 0.00
 0.00 0.00 0.00 2.20 0.00 0.00 0.00 0.00 0.00 0.00 0.00 0.00 2.20 0.00 0.00 0.00 0.00 0.00 0.00 0.00 0.00
 0.00 0.00 0.00 0.00 0.00 1.79 1.79 0.00 0.00 0.00 0.00 0.00 0.00 0.00 0.00 1.79 0.00 0.00 0.00 0.00 0.00
 0.00 0.00 0.00 0.00 0.00 1.79 0.00 1.79 1.79 0.00 0.00 0.00 0.00 0.00 0.00 0.00 0.00 0.00 0.00 0.00 0.00
 0.00 0.00 1.50 0.00 0.00 0.00 0.00 0.00 0.00 0.00 1.50 1.50 0.00 0.00 0.00 0.00 1.50 0.00 1.50 1.50 0.00
 0.00 0.00 1.44 0.00 0.00 0.00 0.00 0.00 0.00 0.00 1.44 1.44 0.00 0.00 0.00 0.00 1.44 0.00 0.00 0.00 1.44

M: 34x21
Query:

 0.00
 1.95
 0.00
 0.00
 0.00
 0.00
 0.00
 0.00
 0.00
 0.00
 0.00
 1.95
 0.00
 0.00
 0.00
 1.44
 0.00
 0.00
 1.95
 0.00
 0.00
 0.00
 0.00
 0.00
 0.00
 0.00
 0.00
 0.00
 1.95
 0.00
 0.00
 0.00
 1.44
 0.00

Q: 34x1

K: 34x21
S: 21x21
D: 21x21

s = 2

KS: 34x2
 0.14 0.29
 0.29 0.23
 0.23 -0.28
 0.09 -0.13
 0.09 -0.09
 0.16 0.28
 0.12 0.12
 0.03 0.16
 0.02 -0.03
 0.01 -0.02
 0.02 -0.03
 0.23 -0.28
 0.02 -0.05
 0.06 0.23
 0.02 0.06
 0.35 -0.08
 0.33 -0.03
 0.14 0.29
 0.29 0.23
 0.23 -0.28
 0.09 -0.13
 0.09 -0.09
 0.16 0.28
 0.12 0.12
 0.03 0.16
 0.02 -0.03
 0.01 -0.02
 0.02 -0.03
 0.23 -0.28
 0.02 -0.05
 0.06 0.23
 0.02 0.06
 0.35 -0.08
 0.33 -0.03


SS: 2x2
 9.03 0.00
 0.00 6.92


DST: 2x21
 0.01 0.02 0.50 0.03 0.07 0.04 0.16 0.05 0.01 0.03 0.47 0.47 0.04 0.03 0.02 0.08 0.42 0.02 0.13 0.12 0.25
 -0.01 -0.04 0.43 -0.07 0.25 0.25 0.45 -0.05 0.02 -0.06 -0.44 -0.44 -0.08 -0.06 -0.04 0.19 0.17 -0.03 -0.05 -0.03 0.12

QS: 1x2 
 0.33 -0.06

Doc 1: 0.7303457116719789
Doc 2: 0.6619217261753786
Doc 3: 0.6319642418184196
Doc 4: 0.570307330733852
Doc 5: 0.09611391396277877
Doc 6: -6.10763703502182E-4
Doc 7: 0.15998023175708698
Doc 8: 0.8255892234181246
Doc 9: 0.5188277092391095
Doc 10: 0.6272548910405646
Doc 11: 0.8388884405991541
Doc 12: 0.8388884405991541
Doc 13: 0.5721820901142094
Doc 14: 0.6278189773656524
Doc 15: 0.6619217261753795
Doc 16: 0.22205108622219608
Doc 17: 0.8442348788259245
Doc 18: 0.6312523795559245
Doc 19: 0.9850699296856704
Doc 20: 0.9947469090968032
Doc 21: 0.8166082889022747
